00000001111111001000010001001000110000100000000100011110100011011000100001111100
01111001101110001110011001001100110000101101110011011100001111011000110110011001
00110001101010100010000101100110101000101000001010010011100101010001001111111111
00010111001110100010000101110101011111100011101001001011111110010001101000011111
01001000000001111010000010110100000011110011101111100001111011001111001000110111
10101110111001111111011001101111011011111111111111011001101001100011111100111101
00111110111011011101111111111110001111111101111101000101101100001110111111101000
00110100000011001101111100000000000111111101000011010110111111111110110001111111
01001111111000101111111111111100000000101100111011010010000100010011101011011100
00001101111100111101001101110111011001101111110011111011011000011101111001000011
01111111100110111111111111100000001101110010000000110011011111010100001100010011
01110010110110011000111110111000011111000011100111111000101101011111001111010010
01110011100111011010111111010111011111001111101100101011101111000000000111011010
00110000100101001011111111110110011101111111111010101111000011110011100010011011
11101110100100111001011001101111011000100111111100111111011100010110000010011110
11001111111011001111000011100110000010100100001110111110011110011111111110001001
00100001011100001011111001010010111111000100010111010001001100111000011111000101
11011101001101001000110001011011101001111111011011110101100110101011011110100110
11001100100100011110100101001001111011000000111011001100010000111001010110111101
00101010110011111110111001110000111011111101011001001111111111010101111110010001
01111110111110001111111100111011001110100101000101000110110110010100111110011111
00000001011110100000011101101100100100000010110100011010111001000111000010111011
01000001111110100111001111111010001111101010010010111101010001000101010111101001
01011110111110010011001000011000000100101001001010111101110100100100010011001111
00010011110011110011111111001101110100111111101000011111101110110111111110111111
01011010011111100000001101111100101010010001100101010110111101110000110111110110
11110111010111110101001000110000100111101101111100010101000101011100111100111111
11100011000111110101111110000001110010100111101110000011010100010111111011110001
11011001110011010101001111110101101011100100001100111111011111010111110111111100
01011100101011110100011010111101101010111010101100011011001001100011110011111101
01001110001011010111011000111100101011001110001100001110100111111000010111001101
00101111100110110000110000111101111111110011101111100100000001111110010101101101
01000110010110100110111101111111011100000110111000010101111101010000001111100101
00110011111101111001111100011110110111101110011111011100111110011011101110010101
10011011111101111111000011101001111001101011111000111110001111110100000111011100
01101001000100111101001011100011110111100000101101111001011100000101101100001101
01101001110011111101101110111100010100001100000100010100010100010011100101111101
01111100101011011101110110110111110011011100111000010111011101111010000101100111
01111110101111000101100100110110101011110100111011010101110010010010000010000011
01111001100101111101111110110111100011010101000000110111111111010011100011101111
01010100111101111000000011111111111111110100111000110001110101011100101110100001
00101000000100111111101111000010110111001110001110010100000000010100000010111111
11000111111111111000101000111111110111111111111111110001101010000101010110000011
00111110011011011111100110111100001111001111100110000011101011000001010001001000
10101000011111111100011110111101001001111100101111101010000111000100001000001011
00101111010000010100000100111101000000011110001111111011010101111100101111001000
01011001010111010111110001101100111011111100000001111111001111011111101001110011
01011001111000100111100011111101101011110111010011011111111111000001111110001001
00000011111100111111000110011100011011000010011011111010011110010100110011111111
01110000111110010000101000110101011011110011000001001011111111010010101111011111
11100111001001011010100110110000001001111111100001100011110011111011101111000100
01100010111000011001100011111110101100011000111111111010111000111011101111110011
00111110110010000100000010000011101111011101111110111100111111111111100100011101
00000111010011000011010001101011101101100000111010101111100011100111010100010100
00101001111101111001100101101000001111111110011111111110110010110011110111011010
00000000111011101100100100010011101111011111101110011111011011101000100001101111
01000110001001111111010011101000100101111111111110000101110001101100101100101100
01001101110111110111011010111110000111111111000110010100011111100000100000111011
00000101111110110111111110000011010111000101000011001000100000110101101111111111
11000001000110110101100111000100011101110100011001011111101111000011111010011111
11110101010110010001010111011111011001011111101100111101001101111110000001000011
11011111111110001101100101111111110111000001110110101101011100111001110100111011
11101100111101000100101100001100110100111001111110011111111111001100111100111111
01100111010100010111110111000110000111101111111110010001110000110010011100111011
01101101110011001000000001011001100000111110001000000111101011100111000111111011
00111000100111110111100001110000000011111000011101111110101100110110010011111111
00100110110111110101110000101111111001001111110000110000011110011011011001111110
00110001010111111100011111101111001111000111101000010001110011101010000100001110
00010101011001101111111100111000001111110011101101011100100011100010011011111111
01110100001110100100011111101011001111110100101100011001101001011111111110000011
01111101010100110101001001111111000001100110110011101101010000011111101110111001
11111101111101100101101100110101011001111000001011111000011000111010101010100001
00000111111100111111011010011011111000100111100111101011000110111000101001101100
01110110100100011100010010010110110111110001110011100111111010000010111011001011
01000111111101011111111011011111110111011101100110111110010011111100000011110011
00111001100011011000001110001110110111001000010110011011011000111100101001110011
00111111111110001100101111111101110011101000001011010001011101111100101100001000
01111101110110001110101111011101000010101111000000011001111100111011001111111111
01111101100111111000111101110100111110101111010111001011100111101001100011111110
00010111110100011100001100110111110110110111010001101010111101100111001011111010
